-10 -10 19 6.55991222122644e-08 4.3321578093261 0.378666885215835 2
-10 -6 24 6.56103615215096e-08 4.33215780192358 0.378666870535477 2
-10 -2 21 1.51836365413145e-08 4.33215786945013 0.378666890341561 2
-10 2 24 2.4293693603883e-08 4.33215790335978 0.378666879127306 2
-10 6 19 2.21554959821013e-07 4.3321581050712 0.378666857178747 2
-10 10 20 2.4239085571719e-07 4.33215812047728 0.378666847933421 2
-6 -10 25 1.90715103639811e-07 4.3321580726646 0.378666859518861 2
-6 -6 17 2.62456935661115e-08 4.33215790175836 0.378666875603643 2
-6 -2 18 2.35643589829585e-07 4.33215812009601 0.378666856383882 2
-6 2 19 3.20530849516832e-08 4.33215785153281 0.378666891792898 2
-6 6 18 1.67206155552408e-08 4.33215786083941 0.378666879412246 2
-6 10 30 1.10380421083655e-07 4.33215797456118 0.378666851994171 2
-2 -10 19 1.24874049625722e-07 4.33215774137952 0.378666881124565 2
-2 -6 21 1.27243977510822e-07 4.33215774488391 0.378666890363579 2
-2 -2 21 3.92306753866956e-08 4.3321579187918 0.378666877515918 2
-2 2 15 1.24112161710694e-07 4.33215774690304 0.378666888314493 2
-2 6 16 3.50039614766008e-08 4.33215784867506 0.378666892305364 2
-2 10 16 1.29587534495458e-07 4.33215773433259 0.378666878037327 2
2 -10 23 1.01974529769856e-07 4.33215777051386 0.378666887145185 2
2 -6 19 9.09198993520221e-09 4.33215787246731 0.378666877860387 2
2 -2 14 5.70887691919988e-08 4.33215782520764 0.378666893796308 2
2 2 32 6.06982032634261e-07 3.48726020456171 0.524445434234521 3
2 6 22 3.28103856654691e-07 4.33215822147123 0.378666854795265 2
2 10 25 8.18405071295873e-08 4.33215779244455 0.378666886747328 2
6 -10 15 1.30666932769232e-07 4.33215774111874 0.37866689038073 2
6 -6 14 1.94037297552626e-07 4.33215768329073 0.37866690651238 2
6 -2 14 1.91237333208785e-08 4.3321579046159 0.378666888716967 2
6 2 12 6.07585182766059e-07 4.33215722072188 0.378666898503471 2
6 6 15 1.45295715187752e-07 4.33215772089098 0.378666884341661 2
6 10 14 5.42251131738843e-06 4.33215224271234 0.378667359037011 2
10 -10 14 4.52421459217667e-08 4.33215788382051 0.378666849974744 2
10 -6 15 4.13364855619941e-08 4.33215784128669 0.378666892014515 2
10 -2 14 8.36315482573855e-08 4.33215778181231 0.378666871140971 2
10 2 14 1.11226467056641e-07 4.33215797974467 0.378666855969938 2
10 6 15 1.33014032658359e-07 4.33215773761631 0.378666889081643 2
10 10 15 1.08964551633415e-07 4.33215775497737 0.378666874092046 2
