-10 -10 19 6.56290335017233e-08 4.33215780929568 0.378666885219732 2
-10 -6 24 7.35535864872379e-08 4.33215779337894 0.378666871715097 2
-10 -2 21 1.49474521820578e-08 4.33215786971169 0.378666890325177 2
-10 2 24 2.47420408955313e-08 4.33215790381993 0.378666879073365 2
-10 6 19 2.21635129834958e-07 4.33215810515487 0.378666857171993 2
-10 10 20 2.44096677681617e-07 4.33215812230066 0.378666847835444 2
-6 -10 25 2.01430371182526e-07 4.33215808398655 0.378666858777627 2
-6 -6 17 2.60850600638718e-08 4.33215790157857 0.378666875615462 2
-6 -2 18 2.35726460264971e-07 4.33215812018212 0.378666856376483 2
-6 2 19 3.19490521328006e-08 4.3321578516436 0.37866689178553 2
-6 6 18 1.67751980700552e-08 4.33215786077489 0.378666879417276 2
-6 10 31 1.21092657205599e-07 4.33215774497264 0.378666880169524 2
-2 -10 19 1.24913559513249e-07 4.33215774133861 0.378666881128928 2
-2 -6 21 1.27233264851217e-07 4.33215774489962 0.37866689036905 2
-2 -2 21 3.92361208683216e-08 4.33215791879499 0.378666877512733 2
-2 2 15 1.24311479686246e-07 4.33215774669419 0.378666888330401 2
-2 6 16 3.49779712168376e-08 4.3321578487035 0.37866689230435 2
-2 10 16 1.2965627162085e-07 4.33215773426162 0.37866687804584 2
2 -10 23 1.0195029755654e-07 4.33215777054328 0.378666887149138 2
2 -6 19 9.11729382330271e-09 4.33215787239339 0.378666877865823 2
2 -2 14 5.70497801145867e-08 4.33215782525005 0.378666893794958 2
2 2 32 6.06821829187231e-07 3.48726020434485 0.52444543428742 3
2 6 22 3.28021749439999e-07 4.33215822138386 0.378666854799901 2
2 10 25 8.18192595667123e-08 4.33215779246967 0.378666886749797 2
6 -10 15 1.30672391863622e-07 4.332157741115 0.378666890383941 2
6 -6 14 1.93977802695847e-07 4.33215768335653 0.378666906512042 2
6 -2 14 1.91536823440933e-08 4.3321579046484 0.378666888714105 2
6 2 12 6.0749241738865e-07 4.33215722082058 0.378666898498221 2
6 6 15 1.45339939024763e-07 4.33215772084655 0.378666884348333 2
6 10 14 5.42199487106021e-06 4.33215224327772 0.378667359028405 2
10 -10 14 4.51928268620031e-08 4.33215788372463 0.378666849978891 2
10 -6 15 4.13050955064227e-08 4.33215784132077 0.378666892013263 2
10 -2 14 8.36997206969929e-08 4.33215778173867 0.378666871147697 2
10 2 14 1.1115705836504e-07 4.33215797966755 0.378666855972724 2
10 6 15 1.3303261173701e-07 4.33215773759907 0.378666889086314 2
10 10 15 1.09040602765636e-07 4.33215775489731 0.378666874100389 2
