-10 -10 10 4.96506830649455e-16 0.830219933842131 1.58192662511342 1
-10 -6 9 3.69417164737259e-13 0.830219933842031 1.58192662511349 1
-10 -2 9 7.21081094020499e-14 0.830219933842112 1.58192662511344 1
-10 2 9 1.10835628055938e-13 0.830219933842101 1.58192662511344 1
-10 6 9 1.17725790115675e-12 0.830219933841812 1.58192662511365 1
-10 10 10 8.88178419700125e-16 0.830219933842131 1.58192662511342 1
-6 -10 9 2.22044604925031e-16 0.830219933842131 1.58192662511342 1
-6 -6 9 4.96506830649455e-16 0.830219933842131 1.58192662511342 1
-6 -2 8 1.73422380365255e-14 0.830219933842127 1.58192662511343 1
-6 2 8 4.54193854093109e-14 0.830219933842119 1.58192662511343 1
-6 6 9 4.96506830649455e-16 0.830219933842131 1.58192662511342 1
-6 10 9 2.23152066183749e-15 0.830219933842131 1.58192662511342 1
-2 -10 10 2.22044604925031e-16 0.830219933842131 1.58192662511342 1
-2 -6 9 4.44089209850063e-16 0.830219933842131 1.58192662511342 1
-2 -2 7 4.96506830649455e-16 0.830219933842131 1.58192662511342 1
-2 2 6 4.44643974850684e-15 0.83021993384213 1.58192662511342 1
-2 6 10 2.22044604925031e-16 0.830219933842131 1.58192662511342 1
-2 10 18 2.28878339926112e-16 4.33215788169338 0.378666885284538 2
2 -10 12 2.00148302124336e-16 4.33215788169338 0.378666885284538 2
2 -6 10 1.18845707551665e-12 4.33215788169455 0.378666885284349 2
2 -2 6 2.28878339926112e-16 4.33215788169338 0.378666885284538 2
2 2 13 1.07704222810784e-13 0.830219933842102 1.58192662511344 1
2 6 11 3.07072515991254e-14 0.830219933842123 1.58192662511343 1
2 10 12 0 0.830219933842131 1.58192662511342 1
6 -10 7 4.96506830649455e-16 0.830219933842131 1.58192662511342 1
6 -6 7 2.22044604925031e-16 0.830219933842131 1.58192662511342 1
6 -2 8 2.00148302124336e-16 4.33215788169338 0.378666885284538 2
6 2 7 2.77611261757515e-14 4.33215788169341 0.378666885284534 2
6 6 6 2.22044604925031e-16 3.48725938296777 0.524445634616597 3
6 10 8 2.22044604925031e-16 0.830219933842131 1.58192662511342 1
10 -10 9 2.28878339926112e-16 4.33215788169338 0.378666885284538 2
10 -6 9 3.63668182308775e-13 4.33215788169374 0.37866688528448 2
10 -2 10 2.00148302124336e-16 4.33215788169338 0.378666885284538 2
10 2 10 2.28878339926112e-16 4.33215788169338 0.378666885284538 2
10 6 9 6.99528612902938e-15 4.33215788169339 0.378666885284537 2
10 10 8 8.53550091636643e-13 4.33215788169422 0.378666885284402 2
