-10 -10 10 2.22044604925031e-16 0.830219933842131 1.58192662511342 1
-10 -6 9 3.6352141591512e-12 0.83021993384275 1.58192662511257 1
-10 -2 9 1.69019985722289e-12 0.830219933842428 1.58192662511303 1
-10 2 9 2.07908753829056e-12 0.830219933842495 1.58192662511294 1
-10 6 9 5.97671222911821e-12 0.830219933843096 1.581926625112 1
-10 10 10 9.15513359704447e-16 0.830219933842131 1.58192662511342 1
-6 -10 9 2.55929886954674e-14 0.830219933842136 1.58192662511342 1
-6 -6 9 4.96506830649455e-16 0.830219933842131 1.58192662511342 1
-6 -2 8 8.41286542110295e-13 0.830219933842281 1.58192662511323 1
-6 2 8 1.34993238813107e-12 0.83021993384237 1.58192662511311 1
-6 6 9 2.22044604925031e-16 0.830219933842131 1.58192662511342 1
-6 10 9 3.23321344356149e-13 0.830219933842189 1.58192662511335 1
-2 -10 10 9.15513359704447e-16 0.830219933842131 1.58192662511342 1
-2 -6 9 9.15513359704447e-16 0.830219933842131 1.58192662511342 1
-2 -2 7 4.05193380867856e-15 0.830219933842132 1.58192662511342 1
-2 2 6 3.93853053683827e-13 0.830219933842202 1.58192662511333 1
-2 6 10 1.33226762955019e-15 0.830219933842132 1.58192662511342 1
-2 10 18 3.13419936847468e-14 4.33215788169341 0.378666885284533 2
2 -10 12 1.83199088903884e-13 4.33215788169356 0.378666885284509 2
2 -6 10 1.63808394015778e-11 4.33215788170948 0.378666885281973 2
2 -2 6 7.5757978023928e-16 4.33215788169338 0.378666885284538 2
2 2 13 2.04812654497201e-12 0.830219933842489 1.58192662511294 1
2 6 11 1.12878280960584e-12 0.830219933842332 1.58192662511316 1
2 10 12 5.51730579343592e-14 0.830219933842141 1.58192662511341 1
6 -10 7 9.15513359704447e-16 0.830219933842131 1.58192662511342 1
6 -6 7 7.66616836750703e-15 0.830219933842132 1.58192662511342 1
6 -2 8 6.99528612902938e-15 4.33215788169339 0.378666885284537 2
6 2 7 2.38937885548344e-12 4.33215788169573 0.378666885284164 2
6 6 6 2.22044604925031e-16 3.48725938296777 0.524445634616597 3
6 10 8 2.22044604925031e-16 0.830219933842131 1.58192662511342 1
10 -10 9 1.96270388906846e-14 4.3321578816934 0.378666885284535 2
10 -6 9 8.80097924669689e-12 4.33215788170203 0.378666885283161 2
10 -2 10 7.5757978023928e-16 4.33215788169338 0.378666885284538 2
10 2 10 6.96106295049706e-16 4.33215788169338 0.378666885284538 2
10 6 9 1.22672801464514e-12 4.33215788169459 0.378666885284346 2
10 10 8 1.37438639818014e-11 4.33215788170689 0.378666885282386 2
